0
0
0
0
5.468750e+02
7.343750e+02
7.187500e+02
7.187500e+02
7.187500e+02
7.187500e+02
7.187500e+02
7.187500e+02
7.031250e+02
7.187500e+02
7.187500e+02
7.187500e+02
7.187500e+02
7.031250e+02
7.187500e+02
7.187500e+02
7.031250e+02
7.187500e+02
7.031250e+02
7.187500e+02
7.031250e+02
7.187500e+02
7.187500e+02
7.187500e+02
7.187500e+02
7.187500e+02
7.187500e+02
7.187500e+02
7.187500e+02
7.187500e+02
7.187500e+02
7.187500e+02
7.187500e+02
7.187500e+02
7.187500e+02
7.187500e+02
7.187500e+02
7.187500e+02
7.187500e+02
7.187500e+02
7.187500e+02
7.187500e+02
7.187500e+02
7.187500e+02
7.031250e+02
7.187500e+02
7.031250e+02
7.187500e+02
7.187500e+02
7.187500e+02
7.187500e+02
7.187500e+02
7.187500e+02
7.187500e+02
7.187500e+02
7.187500e+02
7.187500e+02
7.031250e+02
7.187500e+02
7.187500e+02
7.187500e+02
7.187500e+02
7.187500e+02
7.187500e+02
7.187500e+02
7.031250e+02
7.187500e+02
7.187500e+02
7.187500e+02
7.031250e+02
7.187500e+02
7.187500e+02
7.187500e+02
7.187500e+02
7.031250e+02
7.187500e+02
7.187500e+02
7.187500e+02
7.031250e+02
7.187500e+02
7.031250e+02
7.187500e+02
7.187500e+02
7.031250e+02
7.187500e+02
7.187500e+02
7.187500e+02
7.031250e+02
7.187500e+02
7.187500e+02
7.187500e+02
7.031250e+02
7.187500e+02
7.187500e+02
7.187500e+02
7.187500e+02
